{
 "cells": [
  {
   "cell_type": "markdown",
   "metadata": {},
   "source": [
    "<h1> <font color=\"red\"> Period of a TPM </font> </h1>"
   ]
  },
  {
   "cell_type": "code",
   "execution_count": 1,
   "metadata": {},
   "outputs": [
    {
     "name": "stdout",
     "output_type": "stream",
     "text": [
      "\n",
      "Transition Probability Matrix(TPM): \n",
      " [[0.2 0.5 0.3 0. ]\n",
      " [0.1 0.3 0.6 0. ]\n",
      " [0.  0.4 0.3 0.3]\n",
      " [0.  0.  0.5 0.5]]\n",
      "\n",
      "P^2 : \n",
      "[[0.09 0.37 0.45 0.09]\n",
      " [0.05 0.38 0.39 0.18]\n",
      " [0.04 0.24 0.48 0.24]\n",
      " [0.   0.2  0.4  0.4 ]]\n",
      "\n",
      "P^3 : \n",
      "[[0.055 0.336 0.429 0.18 ]\n",
      " [0.048 0.295 0.45  0.207]\n",
      " [0.032 0.284 0.42  0.264]\n",
      " [0.02  0.22  0.44  0.32 ]]\n",
      "\n",
      "P^4 : \n",
      "[[0.0446 0.2999 0.4368 0.2187]\n",
      " [0.0391 0.2925 0.4299 0.2385]\n",
      " [0.0348 0.2692 0.438  0.258 ]\n",
      " [0.026  0.252  0.43   0.292 ]]\n",
      "\n",
      "P^5 : \n",
      "[[0.0389 0.287  0.4337 0.2404]\n",
      " [0.0371 0.2793 0.4354 0.2482]\n",
      " [0.0339 0.2734 0.4324 0.2604]\n",
      " [0.0304 0.2606 0.434  0.275 ]]\n",
      "\n",
      "P^6 : \n",
      "[[0.0365 0.279  0.4342 0.2503]\n",
      " [0.0353 0.2765 0.4334 0.2547]\n",
      " [0.0341 0.2719 0.4341 0.2599]\n",
      " [0.0321 0.267  0.4332 0.2677]]\n",
      "\n",
      "P^7 : \n",
      "[[0.0352 0.2756 0.4338 0.2554]\n",
      " [0.0347 0.274  0.4339 0.2574]\n",
      " [0.034  0.2723 0.4335 0.2602]\n",
      " [0.0331 0.2694 0.4336 0.2638]]\n",
      "\n",
      "P^8 : \n",
      "[[0.0346 0.2738 0.4338 0.2578]\n",
      " [0.0343 0.2731 0.4337 0.2589]\n",
      " [0.034  0.2721 0.4337 0.2602]\n",
      " [0.0336 0.2708 0.4336 0.262 ]]\n",
      "\n",
      "P^9 : \n",
      "[[0.0343 0.2729 0.4337 0.259 ]\n",
      " [0.0342 0.2726 0.4337 0.2595]\n",
      " [0.034  0.2721 0.4337 0.2602]\n",
      " [0.0338 0.2715 0.4337 0.2611]]\n",
      "\n",
      "P^10 : \n",
      "[[0.0342 0.2725 0.4337 0.2596]\n",
      " [0.0341 0.2723 0.4337 0.2599]\n",
      " [0.034  0.2721 0.4337 0.2602]\n",
      " [0.0339 0.2718 0.4337 0.2606]]\n",
      "\n",
      "P^11 : \n",
      "[[0.0341 0.2723 0.4337 0.2599]\n",
      " [0.0341 0.2722 0.4337 0.26  ]\n",
      " [0.034  0.2721 0.4337 0.2602]\n",
      " [0.034  0.272  0.4337 0.2604]]\n",
      "\n",
      "P^12 : \n",
      "[[0.034  0.2722 0.4337 0.2601]\n",
      " [0.034  0.2722 0.4337 0.2601]\n",
      " [0.034  0.2721 0.4337 0.2602]\n",
      " [0.034  0.272  0.4337 0.2603]]\n",
      "\n",
      "P^13 : \n",
      "[[0.034  0.2722 0.4337 0.2601]\n",
      " [0.034  0.2721 0.4337 0.2602]\n",
      " [0.034  0.2721 0.4337 0.2602]\n",
      " [0.034  0.2721 0.4337 0.2603]]\n",
      "\n",
      "P^14 : \n",
      "[[0.034  0.2721 0.4337 0.2602]\n",
      " [0.034  0.2721 0.4337 0.2602]\n",
      " [0.034  0.2721 0.4337 0.2602]\n",
      " [0.034  0.2721 0.4337 0.2602]]\n",
      "\n",
      "P^15 : \n",
      "[[0.034  0.2721 0.4337 0.2602]\n",
      " [0.034  0.2721 0.4337 0.2602]\n",
      " [0.034  0.2721 0.4337 0.2602]\n",
      " [0.034  0.2721 0.4337 0.2602]]\n",
      "\n",
      "P^16 : \n",
      "[[0.034  0.2721 0.4337 0.2602]\n",
      " [0.034  0.2721 0.4337 0.2602]\n",
      " [0.034  0.2721 0.4337 0.2602]\n",
      " [0.034  0.2721 0.4337 0.2602]]\n",
      "\n",
      "P^17 : \n",
      "[[0.034  0.2721 0.4337 0.2602]\n",
      " [0.034  0.2721 0.4337 0.2602]\n",
      " [0.034  0.2721 0.4337 0.2602]\n",
      " [0.034  0.2721 0.4337 0.2602]]\n",
      "\n",
      "P^18 : \n",
      "[[0.034  0.2721 0.4337 0.2602]\n",
      " [0.034  0.2721 0.4337 0.2602]\n",
      " [0.034  0.2721 0.4337 0.2602]\n",
      " [0.034  0.2721 0.4337 0.2602]]\n",
      "\n",
      "P^19 : \n",
      "[[0.034  0.2721 0.4337 0.2602]\n",
      " [0.034  0.2721 0.4337 0.2602]\n",
      " [0.034  0.2721 0.4337 0.2602]\n",
      " [0.034  0.2721 0.4337 0.2602]]\n",
      "\n",
      "P^20 : \n",
      "[[0.034  0.2721 0.4337 0.2602]\n",
      " [0.034  0.2721 0.4337 0.2602]\n",
      " [0.034  0.2721 0.4337 0.2602]\n",
      " [0.034  0.2721 0.4337 0.2602]]\n",
      "\n",
      "P^21 : \n",
      "[[0.034  0.2721 0.4337 0.2602]\n",
      " [0.034  0.2721 0.4337 0.2602]\n",
      " [0.034  0.2721 0.4337 0.2602]\n",
      " [0.034  0.2721 0.4337 0.2602]]\n",
      "\n",
      "P^22 : \n",
      "[[0.034  0.2721 0.4337 0.2602]\n",
      " [0.034  0.2721 0.4337 0.2602]\n",
      " [0.034  0.2721 0.4337 0.2602]\n",
      " [0.034  0.2721 0.4337 0.2602]]\n",
      "\n",
      "P^23 : \n",
      "[[0.034  0.2721 0.4337 0.2602]\n",
      " [0.034  0.2721 0.4337 0.2602]\n",
      " [0.034  0.2721 0.4337 0.2602]\n",
      " [0.034  0.2721 0.4337 0.2602]]\n",
      "\n",
      "P^24 : \n",
      "[[0.034  0.2721 0.4337 0.2602]\n",
      " [0.034  0.2721 0.4337 0.2602]\n",
      " [0.034  0.2721 0.4337 0.2602]\n",
      " [0.034  0.2721 0.4337 0.2602]]\n",
      "\n",
      "P^25 : \n",
      "[[0.034  0.2721 0.4337 0.2602]\n",
      " [0.034  0.2721 0.4337 0.2602]\n",
      " [0.034  0.2721 0.4337 0.2602]\n",
      " [0.034  0.2721 0.4337 0.2602]]\n",
      "\n",
      "P^26 : \n",
      "[[0.034  0.2721 0.4337 0.2602]\n",
      " [0.034  0.2721 0.4337 0.2602]\n",
      " [0.034  0.2721 0.4337 0.2602]\n",
      " [0.034  0.2721 0.4337 0.2602]]\n",
      "\n",
      "P^27 : \n",
      "[[0.034  0.2721 0.4337 0.2602]\n",
      " [0.034  0.2721 0.4337 0.2602]\n",
      " [0.034  0.2721 0.4337 0.2602]\n",
      " [0.034  0.2721 0.4337 0.2602]]\n",
      "\n",
      "P^28 : \n",
      "[[0.034  0.2721 0.4337 0.2602]\n",
      " [0.034  0.2721 0.4337 0.2602]\n",
      " [0.034  0.2721 0.4337 0.2602]\n",
      " [0.034  0.2721 0.4337 0.2602]]\n",
      "\n",
      "P^29 : \n",
      "[[0.034  0.2721 0.4337 0.2602]\n",
      " [0.034  0.2721 0.4337 0.2602]\n",
      " [0.034  0.2721 0.4337 0.2602]\n",
      " [0.034  0.2721 0.4337 0.2602]]\n",
      "\n",
      "P^30 : \n",
      "[[0.034  0.2721 0.4337 0.2602]\n",
      " [0.034  0.2721 0.4337 0.2602]\n",
      " [0.034  0.2721 0.4337 0.2602]\n",
      " [0.034  0.2721 0.4337 0.2602]]\n",
      "\n",
      "P^31 : \n",
      "[[0.034  0.2721 0.4337 0.2602]\n",
      " [0.034  0.2721 0.4337 0.2602]\n",
      " [0.034  0.2721 0.4337 0.2602]\n",
      " [0.034  0.2721 0.4337 0.2602]]\n",
      "\n",
      "P^32 : \n",
      "[[0.034  0.2721 0.4337 0.2602]\n",
      " [0.034  0.2721 0.4337 0.2602]\n",
      " [0.034  0.2721 0.4337 0.2602]\n",
      " [0.034  0.2721 0.4337 0.2602]]\n",
      "\n",
      "\n",
      "States: [3, 4, 5, 6, 7, 8, 9, 10, 11, 12, 13, 14, 15, 16, 17, 18, 19, 20, 21, 22, 23, 24, 25, 26, 27, 28, 29, 30, 31, 32]\n",
      "\n",
      "GCD: 1\n"
     ]
    }
   ],
   "source": [
    "import math\n",
    "import numpy as np\n",
    "\n",
    "a=np.array([\n",
    "    [0.2,0.5,0.3,0],#1st row...\n",
    "    [0.1,0.3,0.6,0],#2nd row...\n",
    "    [0,0.4,0.3,0.3],#3rd row...\n",
    "    [0,0,0.5,0.5]#4th row\n",
    "])\n",
    "print(\"\\nTransition Probability Matrix(TPM): \\n\",a)\n",
    "\n",
    "\n",
    "an=np.dot(a,a)\n",
    "print(f\"\\nP^2 : \")\n",
    "print(an.round(decimals=4))\n",
    "print()\n",
    "\n",
    "states=[]\n",
    "m=1#d(s)=Tss\n",
    "n=1#d(s)=Tss\n",
    "\n",
    "\n",
    "# Next occurances\n",
    "for i in range(3,33):\n",
    "    an=np.dot(an,a)\n",
    "    print(f\"P^{i} : \")\n",
    "    print(an.round(decimals=4))\n",
    "    print()\n",
    "    if an[m][n]!=0:\n",
    "        states.append(i)\n",
    "print(f\"\\nStates: {states}\")\n",
    "\n",
    "#Gcd \n",
    "m=math.gcd(states[0],states[1])\n",
    "for s in range(2,len(states)):\n",
    "    m=math.gcd(m,states[s])\n",
    "print(f\"\\nGCD: {m}\")"
   ]
  },
  {
   "cell_type": "code",
   "execution_count": 39,
   "metadata": {},
   "outputs": [
    {
     "name": "stdout",
     "output_type": "stream",
     "text": [
      "\n",
      "Transition Probability Matrix(TPM): \n",
      " [[0.7 0.  0.3 0. ]\n",
      " [0.5 0.  0.5 0. ]\n",
      " [0.  0.4 0.  0.6]\n",
      " [0.  0.2 0.  0.8]]\n",
      "\n",
      "P^2: \n",
      " [[0.49 0.12 0.21 0.18]\n",
      " [0.35 0.2  0.15 0.3 ]\n",
      " [0.2  0.12 0.2  0.48]\n",
      " [0.1  0.16 0.1  0.64]]\n",
      "\n",
      "P^3: \n",
      " [[0.403 0.12  0.207 0.27 ]\n",
      " [0.345 0.12  0.205 0.33 ]\n",
      " [0.2   0.176 0.12  0.504]\n",
      " [0.15  0.168 0.11  0.572]]\n",
      "\n",
      "P^4: \n",
      " [[0.3421 0.1368 0.1809 0.3402]\n",
      " [0.3015 0.148  0.1635 0.387 ]\n",
      " [0.228  0.1488 0.148  0.4752]\n",
      " [0.189  0.1584 0.129  0.5236]]\n"
     ]
    }
   ],
   "source": [
    "a=np.array([\n",
    "        [0.7,0,0.3,0],#1st row...\n",
    "        [0.5,0,0.5,0],#2nd row...\n",
    "        [0,0.4,0,0.6],#3rd row...\n",
    "        [0,0.2,0,0.8]#4th row\n",
    "])#row-wise...!!!\n",
    "print(\"\\nTransition Probability Matrix(TPM): \\n\",a.round(decimals=4))\n",
    "a2=np.dot(a,a.round(decimals=4))\n",
    "print(\"\\nP^2: \\n\",a2.round(decimals=4))\n",
    "a3=np.dot(a2,a)\n",
    "print(\"\\nP^3: \\n\",a3.round(decimals=4))\n",
    "a4=np.dot(a2,a2)\n",
    "print(\"\\nP^4: \\n\",a4.round(decimals=4))"
   ]
  },
  {
   "cell_type": "markdown",
   "metadata": {},
   "source": [
    "<h3>State probability?</h3>"
   ]
  },
  {
   "cell_type": "code",
   "execution_count": 35,
   "metadata": {},
   "outputs": [
    {
     "name": "stdout",
     "output_type": "stream",
     "text": [
      "n=1 [0.  0.  0.5 0.5]\n",
      "n=2 [0.  0.2 0.4 0.4]\n",
      "n=3 [0.02 0.22 0.44 0.32]\n",
      "n=4 [0.026 0.252 0.43  0.292]\n",
      "n=5 [0.0304 0.2606 0.434  0.275 ]\n",
      "n=6 [0.03214 0.26698 0.43318 0.2677 ]\n",
      "n=7 [0.033126 0.269436 0.433634 0.263804]\n",
      "n=8 [0.0335688 0.2708474 0.4335916 0.2619922]\n",
      "n=9 [0.0337985  0.27147526 0.43365266 0.26107358]\n",
      "n=10 [0.03390723 0.27180289 0.43365729 0.26063259]\n"
     ]
    }
   ],
   "source": [
    "P=np.array([\n",
    "    [0.2,0.5,0.3,0],#1st row...\n",
    "    [0.1,0.3,0.6,0],#2nd row...\n",
    "    [0,0.4,0.3,0.3],#3rd row...\n",
    "    [0,0,0.5,0.5]#4th row\n",
    "])\n",
    "A=np.array(\n",
    "    [0,0,0,1]\n",
    ")\n",
    "for i in range(10):\n",
    "    print(f\"n={i+1}\",np.dot(A,P))\n",
    "    A=np.dot(A,P)"
   ]
  },
  {
   "cell_type": "markdown",
   "metadata": {},
   "source": [
    "<h1> <font color=\"red\"> Limiting distribution </font> </h1>"
   ]
  },
  {
   "cell_type": "markdown",
   "metadata": {},
   "source": [
    "<h2> <font color=\"blue\"> Method: 01 </font> </h2>"
   ]
  },
  {
   "cell_type": "code",
   "execution_count": 36,
   "metadata": {},
   "outputs": [
    {
     "name": "stdout",
     "output_type": "stream",
     "text": [
      "n =  32\n"
     ]
    }
   ],
   "source": [
    "import numpy as np\n",
    "import math\n",
    "import pandas\n",
    "# import fractions\n",
    "# np.set_printoptions(formatter={'all':lambda x: str(fractions.Fraction(x))})\n",
    "\n",
    "P=np.array([\n",
    "        [0.7,0,0.3,0],#1st row...\n",
    "        [0.5,0,0.5,0],#2nd row...\n",
    "        [0,0.4,0,0.6],#3rd row...\n",
    "        [0,0.2,0,0.8]#4th row\n",
    "])#row-wise...!!!\n",
    "\n",
    "\n",
    "an=np.dot(P,P)\n",
    "t2=an.round(decimals=4)\n",
    "tn=an.round(decimals=4)\n",
    "\n",
    "\n",
    "for n in range(3,1025):\n",
    "    an=np.dot(an,P)\n",
    "    if n in [4,8,16,32,64,128,512,1024]:\n",
    "        if an.round(decimals=4).tolist()==tn.tolist():\n",
    "            print(\"n = \",n-n//2)\n",
    "            break\n",
    "        else:\n",
    "            tn=an.round(decimals=4)"
   ]
  },
  {
   "cell_type": "markdown",
   "metadata": {},
   "source": [
    "$P^2$"
   ]
  },
  {
   "cell_type": "code",
   "execution_count": 37,
   "metadata": {
    "scrolled": true
   },
   "outputs": [
    {
     "data": {
      "text/html": [
       "<div>\n",
       "<style scoped>\n",
       "    .dataframe tbody tr th:only-of-type {\n",
       "        vertical-align: middle;\n",
       "    }\n",
       "\n",
       "    .dataframe tbody tr th {\n",
       "        vertical-align: top;\n",
       "    }\n",
       "\n",
       "    .dataframe thead th {\n",
       "        text-align: right;\n",
       "    }\n",
       "</style>\n",
       "<table border=\"1\" class=\"dataframe\">\n",
       "  <thead>\n",
       "    <tr style=\"text-align: right;\">\n",
       "      <th></th>\n",
       "      <th>0</th>\n",
       "      <th>1</th>\n",
       "      <th>2</th>\n",
       "      <th>3</th>\n",
       "    </tr>\n",
       "  </thead>\n",
       "  <tbody>\n",
       "    <tr>\n",
       "      <th>0</th>\n",
       "      <td>0.49</td>\n",
       "      <td>0.12</td>\n",
       "      <td>0.21</td>\n",
       "      <td>0.18</td>\n",
       "    </tr>\n",
       "    <tr>\n",
       "      <th>1</th>\n",
       "      <td>0.35</td>\n",
       "      <td>0.20</td>\n",
       "      <td>0.15</td>\n",
       "      <td>0.30</td>\n",
       "    </tr>\n",
       "    <tr>\n",
       "      <th>2</th>\n",
       "      <td>0.20</td>\n",
       "      <td>0.12</td>\n",
       "      <td>0.20</td>\n",
       "      <td>0.48</td>\n",
       "    </tr>\n",
       "    <tr>\n",
       "      <th>3</th>\n",
       "      <td>0.10</td>\n",
       "      <td>0.16</td>\n",
       "      <td>0.10</td>\n",
       "      <td>0.64</td>\n",
       "    </tr>\n",
       "  </tbody>\n",
       "</table>\n",
       "</div>"
      ],
      "text/plain": [
       "      0     1     2     3\n",
       "0  0.49  0.12  0.21  0.18\n",
       "1  0.35  0.20  0.15  0.30\n",
       "2  0.20  0.12  0.20  0.48\n",
       "3  0.10  0.16  0.10  0.64"
      ]
     },
     "execution_count": 37,
     "metadata": {},
     "output_type": "execute_result"
    }
   ],
   "source": [
    "pandas.DataFrame(t2)"
   ]
  },
  {
   "cell_type": "markdown",
   "metadata": {},
   "source": [
    "$P^n$"
   ]
  },
  {
   "cell_type": "code",
   "execution_count": 38,
   "metadata": {},
   "outputs": [
    {
     "data": {
      "text/html": [
       "<div>\n",
       "<style scoped>\n",
       "    .dataframe tbody tr th:only-of-type {\n",
       "        vertical-align: middle;\n",
       "    }\n",
       "\n",
       "    .dataframe tbody tr th {\n",
       "        vertical-align: top;\n",
       "    }\n",
       "\n",
       "    .dataframe thead th {\n",
       "        text-align: right;\n",
       "    }\n",
       "</style>\n",
       "<table border=\"1\" class=\"dataframe\">\n",
       "  <thead>\n",
       "    <tr style=\"text-align: right;\">\n",
       "      <th></th>\n",
       "      <th>0</th>\n",
       "      <th>1</th>\n",
       "      <th>2</th>\n",
       "      <th>3</th>\n",
       "    </tr>\n",
       "  </thead>\n",
       "  <tbody>\n",
       "    <tr>\n",
       "      <th>0</th>\n",
       "      <td>0.25</td>\n",
       "      <td>0.15</td>\n",
       "      <td>0.15</td>\n",
       "      <td>0.45</td>\n",
       "    </tr>\n",
       "    <tr>\n",
       "      <th>1</th>\n",
       "      <td>0.25</td>\n",
       "      <td>0.15</td>\n",
       "      <td>0.15</td>\n",
       "      <td>0.45</td>\n",
       "    </tr>\n",
       "    <tr>\n",
       "      <th>2</th>\n",
       "      <td>0.25</td>\n",
       "      <td>0.15</td>\n",
       "      <td>0.15</td>\n",
       "      <td>0.45</td>\n",
       "    </tr>\n",
       "    <tr>\n",
       "      <th>3</th>\n",
       "      <td>0.25</td>\n",
       "      <td>0.15</td>\n",
       "      <td>0.15</td>\n",
       "      <td>0.45</td>\n",
       "    </tr>\n",
       "  </tbody>\n",
       "</table>\n",
       "</div>"
      ],
      "text/plain": [
       "      0     1     2     3\n",
       "0  0.25  0.15  0.15  0.45\n",
       "1  0.25  0.15  0.15  0.45\n",
       "2  0.25  0.15  0.15  0.45\n",
       "3  0.25  0.15  0.15  0.45"
      ]
     },
     "execution_count": 38,
     "metadata": {},
     "output_type": "execute_result"
    }
   ],
   "source": [
    "pandas.DataFrame(tn)"
   ]
  },
  {
   "cell_type": "markdown",
   "metadata": {},
   "source": [
    "<h2> <font color=\"blue\"> Method: 02 </font> </h2>"
   ]
  },
  {
   "cell_type": "code",
   "execution_count": 16,
   "metadata": {},
   "outputs": [
    {
     "name": "stdout",
     "output_type": "stream",
     "text": [
      "\n",
      "Steady state probability:  [0.2192 0.2055 0.2466 0.3288]\n",
      "\n",
      "Stable matrix: \n",
      "\n"
     ]
    },
    {
     "data": {
      "text/html": [
       "<div>\n",
       "<style scoped>\n",
       "    .dataframe tbody tr th:only-of-type {\n",
       "        vertical-align: middle;\n",
       "    }\n",
       "\n",
       "    .dataframe tbody tr th {\n",
       "        vertical-align: top;\n",
       "    }\n",
       "\n",
       "    .dataframe thead th {\n",
       "        text-align: right;\n",
       "    }\n",
       "</style>\n",
       "<table border=\"1\" class=\"dataframe\">\n",
       "  <thead>\n",
       "    <tr style=\"text-align: right;\">\n",
       "      <th></th>\n",
       "      <th>0</th>\n",
       "      <th>1</th>\n",
       "      <th>2</th>\n",
       "      <th>3</th>\n",
       "    </tr>\n",
       "  </thead>\n",
       "  <tbody>\n",
       "    <tr>\n",
       "      <th>0</th>\n",
       "      <td>0.2192</td>\n",
       "      <td>0.2055</td>\n",
       "      <td>0.2466</td>\n",
       "      <td>0.3288</td>\n",
       "    </tr>\n",
       "    <tr>\n",
       "      <th>1</th>\n",
       "      <td>0.2192</td>\n",
       "      <td>0.2055</td>\n",
       "      <td>0.2466</td>\n",
       "      <td>0.3288</td>\n",
       "    </tr>\n",
       "    <tr>\n",
       "      <th>2</th>\n",
       "      <td>0.2192</td>\n",
       "      <td>0.2055</td>\n",
       "      <td>0.2466</td>\n",
       "      <td>0.3288</td>\n",
       "    </tr>\n",
       "    <tr>\n",
       "      <th>3</th>\n",
       "      <td>0.2192</td>\n",
       "      <td>0.2055</td>\n",
       "      <td>0.2466</td>\n",
       "      <td>0.3288</td>\n",
       "    </tr>\n",
       "  </tbody>\n",
       "</table>\n",
       "</div>"
      ],
      "text/plain": [
       "        0       1       2       3\n",
       "0  0.2192  0.2055  0.2466  0.3288\n",
       "1  0.2192  0.2055  0.2466  0.3288\n",
       "2  0.2192  0.2055  0.2466  0.3288\n",
       "3  0.2192  0.2055  0.2466  0.3288"
      ]
     },
     "execution_count": 16,
     "metadata": {},
     "output_type": "execute_result"
    }
   ],
   "source": [
    "from scipy import linalg\n",
    "import math\n",
    "import numpy as np\n",
    "import pandas\n",
    "\n",
    "\n",
    "\n",
    "# c0=[]#1st column...\n",
    "# c1=[]#2nd column...\n",
    "\n",
    "# P0=[c0[0]-1,c0[1],c0[2]]#3X3\n",
    "# P1=[c1[0],c1[1]-1,c1[2]]#3X3\n",
    "# P= linalg.solve(np.array([P0,P1,P2,[1,1,1]]), np.array([0,0,1]))\n",
    "\n",
    "# vector=np.array([\n",
    "#                 [P[0],P[1],P[2]],\n",
    "#                 [P[0],P[1],P[2]],\n",
    "#                 [P[0],P[1],P[2]]]\n",
    "# )#3X3\n",
    "\n",
    "# -----------------------------------------------------------------------------------------------------------------------------------------------------------------\n",
    "\n",
    "c0=[1/4,0,0,1/2]#1st column...\n",
    "c1=[1/4,1/3,0,1/4]#2nd column...\n",
    "c2=[1/4,1/3,1/2,0]#3rd column...\n",
    "\n",
    "P0=[c0[0]-1,c0[1],c0[2],c0[3]]#4X4\n",
    "P1=[c1[0],c1[1]-1,c1[2],c1[3]]#4X4\n",
    "P2=[c2[0],c2[1],c2[2]-1,c2[3]]#4X4\n",
    "P= linalg.solve(np.array([P0,P1,P2,[1,1,1,1]]), np.array([0,0,0,1]))#4X4\n",
    "\n",
    "vector=np.array([\n",
    "                 [P[0],P[1],P[2],P[3]],\n",
    "                 [P[0],P[1],P[2],P[3]],\n",
    "                 [P[0],P[1],P[2],P[3]],\n",
    "                 [P[0],P[1],P[2],P[3]]\n",
    "])#4X4\n",
    "\n",
    "# -----------------------------------------------------------------------------------------------------------------------------------------------------------------\n",
    "\n",
    "print(\"\\nSteady state probability: \",P.round(decimals=4))#3X3 or 4X4\n",
    "\n",
    "print(\"\\nStable matrix: \\n\")#3X3 or 4X4\n",
    "pandas.DataFrame(vector.round(decimals=4))"
   ]
  },
  {
   "cell_type": "markdown",
   "metadata": {},
   "source": [
    "<h1> <font color=\"red\"> TPM probability for differet time point or Trajectory </font> </h1>"
   ]
  },
  {
   "cell_type": "code",
   "execution_count": null,
   "metadata": {},
   "outputs": [],
   "source": [
    "matrix=np.array(\n",
    "[\n",
    "        [],#1st row...\n",
    "        [],#2nd row...\n",
    "        []#3rd row...\n",
    "]\n",
    ")\n",
    "matrix2=np.dot(matrix,matrix)\n",
    "print(matrix2)"
   ]
  },
  {
   "cell_type": "code",
   "execution_count": null,
   "metadata": {},
   "outputs": [],
   "source": [
    "matrix=[\n",
    "        [],#1st row...\n",
    "        [],#2nd row...\n",
    "        []#3rd row...\n",
    "]\n",
    "\n",
    "path=[]#trajectory\n",
    "steps=[]#len(path)-1\n",
    "distribution=[]\n",
    "P=distribution[path[0]-1]\n",
    "for i in range(1,len(path)):\n",
    "    print(\">>>\",matrix[path[i-1]-1][path[i]-1])\n",
    "    P*=matrix[path[i-1]-1][path[i]-1]\n",
    "print(\"\\nProbability: \",P)"
   ]
  },
  {
   "cell_type": "markdown",
   "metadata": {},
   "source": [
    "$P(X_n=c|X_i=r)=P^{n-i}_{rc}$"
   ]
  },
  {
   "cell_type": "code",
   "execution_count": null,
   "metadata": {},
   "outputs": [],
   "source": [
    "m=np.array(\n",
    "[\n",
    "        [],#1st row...\n",
    "        [],#2nd row...\n",
    "        []#3rd row...\n",
    "]\n",
    ")\n",
    "s=[]#P_rc\n",
    "t=[]#initial->jumping state\n",
    "if t[1]-t[0]>1:\n",
    "    n=np.dot(m,m)\n",
    "    for i in range(2,t[1]-t[0]):\n",
    "        n=np.dot(n,m)\n",
    "    print(n)\n",
    "    print(\"\\nProbability: \",round(n[s[0]-1][s[1]-1],2))\n",
    "else:\n",
    "    print(m)\n",
    "    print(\"\\nProbability: \",round(m[s[0]-1][s[1]-1],2))"
   ]
  }
 ],
 "metadata": {
  "kernelspec": {
   "display_name": "Python 3",
   "language": "python",
   "name": "python3"
  },
  "language_info": {
   "codemirror_mode": {
    "name": "ipython",
    "version": 3
   },
   "file_extension": ".py",
   "mimetype": "text/x-python",
   "name": "python",
   "nbconvert_exporter": "python",
   "pygments_lexer": "ipython3",
   "version": "3.7.6"
  }
 },
 "nbformat": 4,
 "nbformat_minor": 4
}
